0 -19.894683382015334 -10.405749174644386 473.85888529277645
0 611.94684 386.11526 0
0 -11.060657428452748 -7.948326733017902 471.1922889584957
0 626.53033 390.12622 0
0 -2.6406823969725113 -5.217813394257158 468.4384321513313
0 640.58276 394.6404 0
0 4.974384750980724 -2.046815904483777 464.140335658725
0 653.46765 399.94168 0
0 12.096092447494218 1.838695539150504 459.6817940843598
0 665.7554 406.56732 0
0 -28.884695948205035 -11.927377086881437 474.9999940395355
0 597.1153 383.63303 0
0 -37.9068370913284 -13.027550243834467 474.9999940395355
0 582.151 381.80826 0
0 -47.27224640752643 -13.306690885359945 474.65424171914066
0 566.56024 381.3292 0
0 -56.57730572211259 -13.205968494736448 472.980835555271
0 550.7832 381.41882 0
0 -65.65915232175018 -12.235217880220944 470.67252734336347
0 535.1192 382.93585 0
0 -74.09037786041931 -10.587724392246304 467.63357767888976
0 520.2005 385.57837 0
0 -82.13672510172205 -8.479983716035878 463.0593564437542
0 505.2775 388.98825 0
0 -89.88590859558427 -5.664626000813959 458.23007097710024
0 490.48138 393.6767 0
