0 139.770684972659 4.142072328846382 476.02887616333805
0 876.34924 410.27127 0
0 148.3979582076609 4.803141059932327 472.74790807437273
0 892.3322 411.42053 0
0 157.04447557676698 6.216466351272313 468.90879507227663
0 908.8846 413.8607 0
0 164.4393446637192 8.218633461534301 463.7956528279058
0 924.3551 417.3769 0
0 171.49336405656075 10.91859752202448 457.8078944599115
0 940.1478 422.20587 0
0 130.7409322513873 4.083493371410476 478.1537558382166
0 860.4431 410.1443 0
0 121.81026306056481 4.3826739738761775 480.51567420459224
0 844.7417 410.60175 0
0 112.9867079561794 5.837675800428874 481.23850755598477
0 829.9965 412.97296 0
0 93.98727617747043 10.06277268333088 478.7734191537457
0 799.68445 419.97476 0
0 85.35473247003044 12.956525878282399 476.6182002942985
0 786.1143 424.83298 0
0 77.2905035215498 16.40869845939988 473.53930666520006
0 773.6149 430.71573 0
0 69.69777917697593 20.404242259996256 469.8884331177357
0 761.8836 437.627 0
