0 -83.9848204417584 127.73847524196704 571.8660149356075
0 529.32043 579.39777 0
0 -75.44706342951086 131.31908497359265 570.3176595994569
0 540.8005 584.82184 0
0 -67.28749483561323 135.7124145605424 568.4096619388196
0 551.7602 591.52014 0
0 -59.92426902644328 140.1374123202875 564.9956762419632
0 561.4641 598.8271 0
0 -53.13771635223985 145.32636887690845 561.2337749162131
0 570.4308 607.421 0
0 -92.57134168648194 124.37498858484199 571.8206146010921
0 517.4809 574.7776 0
0 -101.41015691731222 122.0985115972016 572.0559320605148
0 505.3604 571.5719 0
0 -110.42448306722399 119.68743472287642 569.2707224567188
0 492.2017 569.0578 0
0 -119.161930364694 118.86913015729623 567.0665159291232
0 479.46844 568.56476 0
0 -127.98788850658059 117.96947508557902 563.5031868694067
0 466.08182 568.35126 0
0 -136.51123597210517 117.8590535827154 559.0261652130805
0 452.63666 569.51654 0
0 -144.07240956567557 118.77251070304594 554.0396613478591
0 440.15314 572.3104 0
0 -151.5529974347526 120.04631441441931 548.0273112716866
0 427.15143 575.99457 0
