0 -17.85552746647989 137.4994340785726 573.992172766046
0 620.51605 592.1435 0
0 -9.112932071943046 140.36185697326155 572.8935077878068
0 632.4919 596.44183 0
0 -0.8855422940999038 143.95819549718644 570.269842271516
0 643.8006 602.29834 0
0 6.768098749700981 147.80255586064945 567.0969436192256
0 654.42664 608.7519 0
0 13.75280803412416 152.10600479203055 562.3760200689778
0 664.2906 616.5044 0
0 -26.684852161012994 135.0173324560927 574.4587459559948
0 608.42694 588.5861 0
0 -35.587928087351685 133.37181006360345 574.5071051912269
0 596.2209 586.31396 0
0 -44.981915593411145 132.3120394411872 574.1170051819349
0 583.29663 584.98395 0
0 -54.1065376528838 132.00861351334152 572.8866810565818
0 570.6157 584.9566 0
0 -63.29882299049708 132.2073556356069 569.891665439589
0 557.51685 586.1854 0
0 -71.65439441639462 133.10746436182424 566.0227428686577
0 545.28864 588.68756 0
0 -79.6729405125215 134.71477305269195 562.0158877251756
0 533.33704 592.2616 0
0 -87.40146836566063 136.82602168818266 556.3229351882321
0 521.24927 597.18396 0
