0 39.08190779764664 121.51586182623444 561.5407453344536
0 699.8561 573.90326 0
0 47.76197973787508 123.17534627095517 558.0549869136381
0 712.4528 577.311 0
0 56.3005265897855 125.65048773336883 555.4510263789837
0 724.8799 581.6369 0
0 63.83959082425788 128.5041749475973 550.6315967197843
0 736.3657 587.27985 0
0 71.08918015413379 132.11271182123252 546.2860584054937
0 747.54755 593.9466 0
0 20.80362942427961 119.58122193859042 563.0000233650208
0 674.1359 570.7541 0
0 11.534916346983369 119.82922388939419 563.0000233650208
0 661.1656 571.10114 0
0 2.4000902099658705 120.6045160597004 562.3629067758858
0 648.3864 572.37726 0
0 -6.935495188750868 122.02362178634925 560.1555587660406
0 635.2694 575.039 0
0 -15.773445578968083 123.89045530470408 556.8140935127193
0 622.70593 578.7103 0
0 -23.81487023463416 126.41321633928877 553.4924864344147
0 611.1258 583.3532 0
0 -31.570026968529586 129.57517587051166 548.8153589155806
0 599.7041 589.4258 0
