0 39.63020166352042 111.72963409755171 574.2776992533004
0 699.39215 556.6964 0
0 48.540613274621485 113.63086346791567 572.6894932712182
0 711.8009 559.737 0
0 56.87757832324744 116.14242079083962 568.921594590983
0 723.7882 564.2503 0
0 64.59708255179495 118.8547313277341 565.0388363152736
0 735.0929 569.1373 0
0 71.69309555290494 122.32722219962521 560.1422581301147
0 745.86084 575.4701 0
0 30.621176600661304 110.63770443628286 576.6404903883462
0 686.86066 554.5765 0
0 21.530445665995707 109.9310492196091 576.7289868974431
0 674.4358 553.58795 0
0 12.171171030059519 110.05444141095089 576.8132187519616
0 661.6481 553.73456 0
0 3.049367209491688 110.82837043403426 575.5610096984209
0 649.19806 555.121 0
0 -6.098976727027603 112.11514271434874 573.3385373350435
0 636.6432 557.47723 0
0 -14.831906413254687 114.13938579970377 570.5152652119142
0 624.5421 561.035 0
0 -23.135582955413263 116.67043524877214 566.9007611073063
0 612.8716 565.55743 0
0 -30.840067466230096 119.84869297775526 562.1980700400661
0 601.80585 571.3676 0
