0 80.69859142288018 97.61757401651394 563.4940514675683
0 757.852 539.8991 0
0 89.40828485256573 98.31916046031792 559.6833266247277
0 770.8805 541.816 0
0 97.89880041036089 100.0881889171723 556.1108935760438
0 783.7175 545.21124 0
0 105.48198198751224 102.28616578430454 551.3274144811967
0 795.7572 549.5824 0
0 112.50565974054172 104.90343452221101 545.7551757148103
0 807.4355 554.853 0
0 71.81998469715111 97.13961315457442 565.2871372114987
0 745.11993 538.80005 0
0 62.82836369650447 97.51319540205165 566.7365315490506
0 732.3643 538.97314 0
0 53.440916359355185 98.44902487300416 566.8663549005062
0 719.2974 540.24274 0
0 44.10255907688005 99.8565764162802 565.8215089312341
0 706.43195 542.45526 0
0 35.04163095065214 102.30450749243863 565.0057700085628
0 693.88605 546.0694 0
0 26.460043029528496 104.93955239913228 562.5326306639358
0 682.0821 550.387 0
0 18.118840429702015 108.0902790449251 558.8434236017187
0 670.5675 555.7991 0
0 10.637104584869643 111.9810822758769 554.6100268377312
0 660.1344 562.48926 0
