0 -131.65965352686226 -17.499634813839812 495.81863368928714
0 435.81995 375.6095 0
0 -123.1299903667793 -13.310464588862706 494.2746250462053
0 448.7622 382.19992 0
0 -115.04863391865146 -8.784975995104338 491.92429703631575
0 460.76724 389.34637 0
0 -107.74235052848526 -3.8638526414967993 489.24035972472745
0 471.52203 397.19388 0
0 -101.00358775539293 1.3398038379644523 485.62596826228764
0 481.16318 405.5896 0
0 -140.0125232753088 -20.730530877632155 495.0000047683716
0 422.1795 370.4212 0
0 -148.40974065598442 -23.601718323651976 493.74249779977475
0 408.21286 365.75574 0
0 -157.43552864623095 -25.895166832259587 492.1897075381581
0 393.01825 361.96582 0
0 -166.26544528001773 -27.510602811711866 489.25715371454015
0 377.28906 359.11606 0
0 -174.819140881997 -28.25901671397652 485.67486018233086
0 361.43878 357.57526 0
0 -183.09323959386504 -28.42778359091395 481.3792523820007
0 345.3665 356.88998 0
0 -190.4952182741852 -27.743298374355074 475.7279904892547
0 329.54852 357.47086 0
0 -197.5821878596653 -26.5796808889809 469.7619785996251
0 313.6563 358.83887 0
