0 -21.680908044510897 -27.988273158103677 482.0248429441142
0 609.5877 357.67065 0
0 -12.873835180600297 -25.52308098866883 479.6752789717033
0 623.87933 361.49554 0
0 -4.553573937030002 -22.661823880224485 476.5609169010925
0 637.4961 365.95178 0
0 3.128226168381771 -19.334396973391957 473.25291563298833
0 650.2317 371.22922 0
0 10.181107557948913 -15.439759115210725 468.0285513048142
0 662.1621 377.42587 0
0 -30.748108671461075 -29.448976243644132 481.9999933242798
0 594.76526 355.28073 0
0 -39.6698419345474 -30.62905796911124 483.1927462006027
0 580.34247 353.47543 0
0 -48.984744747545356 -31.020792945123826 481.9999933242798
0 564.9569 352.71155 0
0 -58.398071128623684 -30.89904252828242 481.1736959019604
0 549.4066 352.82382 0
0 -67.55036442166829 -29.9706662613901 478.79119143629333
0 533.87085 354.0997 0
0 -76.11955765237494 -28.422694830204936 475.97160457263345
0 519.0284 356.3698 0
0 -84.09187759460374 -26.419412882621206 471.8041298852794
0 504.60284 359.29944 0
0 -91.86050652658044 -23.73072826870673 467.04237853415634
0 490.06644 363.38513 0
