0 -20.29647415415499 72.78001409749348 529.6089936905219
0 614.83105 511.68323 0
0 -11.478113505792527 74.0029520009094 526.7023454891038
0 627.855 514.11 0
0 -3.02585141848461 75.98628789600657 522.9165958997942
0 640.46515 517.89954 0
0 4.463218629754202 78.45150027559055 518.89629782672
0 651.80054 522.5295 0
0 11.564557334830761 81.19903256311429 513.455306742396
0 662.7686 528.0075 0
0 -29.359826497600796 72.3610705349697 532.0521937290705
0 601.549 510.5657 0
0 -38.3195301495147 72.5230284295155 533.9999794960022
0 588.4888 510.41382 0
0 -47.73172921926178 73.28385630060848 533.9999794960022
0 574.60236 511.53632 0
0 -56.60578777920132 74.60931433655726 532.4822178191054
0 561.27185 513.8056 0
0 -65.98242576515185 76.50681793315623 531.0530538207427
0 547.13574 516.9177 0
0 -74.4864609110501 79.06578200381053 527.8293091818983
0 533.84467 521.4305 0
0 -82.44816009795159 82.07034995830168 524.6135869814274
0 521.2066 526.666 0
0 -90.27837136228166 85.6755436493692 520.3903537461989
0 508.34723 533.1243 0
