0 -36.86249326355516 -8.874035833733828 474.7450944702335
0 583.85034 388.68945 0
0 -28.208068619420718 -6.685291889388489 472.8237121846331
0 598.0222 392.2766 0
0 -19.655415783531243 -3.882326075670135 469.7757242444581
0 612.0606 396.9051 0
0 -12.136571328414444 -0.57222395171841 465.96055448391184
0 624.50354 402.4485 0
0 -4.975981646896771 3.2156762903747493 461.2173535367055
0 636.5241 408.90897 0
0 -45.814024719519885 -10.637460261193528 475.8440414589287
0 569.1708 385.8038 0
0 -54.81278363714922 -11.452258591360518 476.2007650244857
0 554.3397 384.46896 0
0 -64.284026967495 -12.00381845615187 475.7113409431055
0 538.5607 383.536 0
0 -73.35785356477673 -11.588829293171102 474.8108185310406
0 523.3028 384.1869 0
0 -82.6061887139968 -10.704288097917228 472.3980111552368
0 507.25714 385.56387 0
0 -91.15714977306013 -9.088850617748145 468.90220577142156
0 491.86282 388.14502 0
0 -99.24728333436558 -7.042031313237369 464.82768634913106
0 476.80817 391.48035 0
0 -106.86471741898745 -4.209639704716801 459.6332202040555
0 461.85028 396.20038 0
