0 101.10747744089292 -52.07723801824619 439.37773459496736
0 826.31885 310.0368 0
0 109.97712845117196 -50.82386405620693 436.602848240372
0 843.47626 311.70502 0
0 118.40472750197961 -48.87525663609413 432.80207842111224
0 860.56006 314.44675 0
0 126.02314718914901 -46.46596079022984 428.30760452309323
0 876.8354 317.9449 0
0 133.05679597537946 -43.3911506006004 422.7885640174087
0 892.96826 322.5589 0
0 92.08213869828826 -52.829783912924725 441.73873466678197
0 809.2531 309.19373 0
0 83.2095583832629 -52.8017494127546 442.9999887943268
0 793.0063 309.51184 0
0 73.7329955664198 -52.31487292013477 442.9999887943268
0 776.1529 310.37772 0
0 64.49760637357522 -50.925499100634035 442.0476565139237
0 759.9755 312.6535 0
0 55.20734069436181 -49.15672155497841 440.53513285109034
0 743.7557 315.50513 0
0 46.523830724694825 -46.71787746844162 437.9751515301617
0 728.7126 319.37836 0
0 38.29432013980352 -43.60607278744462 434.04062399164275
0 714.5335 324.26492 0
0 30.59953343550339 -40.088107420122796 429.69690680953835
0 701.12787 329.91495 0
