0 -30.97456386119293 35.38412871417551 505.3901013052163
0 596.7383 458.5757 0
0 -22.259488370793342 37.8706344941845 503.8335037887632
0 610.21686 462.63428 0
0 -13.853759760930666 41.03061182551527 500.39657654545994
0 623.2121 468.0162 0
0 -6.289929271658278 44.38736886848513 496.7148560120103
0 635.0475 473.8192 0
0 0.7880111228971363 48.42006571943838 492.294180328559
0 646.2851 480.90515 0
0 -40.15580676985016 33.606441286102815 507.00002908706665
0 582.6246 455.63815 0
0 -49.0623382117827 32.28522428180771 506.5798952686239
0 568.7212 453.62668 0
0 -58.3460700780501 31.662123667893617 505.6009542403967
0 554.10724 452.75296 0
0 -67.60971997611459 31.50955299400069 503.8515058875708
0 539.3065 452.6857 0
0 -76.55251857375131 32.40784089706652 501.9985930613261
0 524.88135 454.27734 0
0 -85.32613656857806 33.79211114455055 498.4517721171775
0 510.15903 456.8272 0
0 -93.30518246176214 35.726365434442535 494.1269689209649
0 496.2567 460.3787 0
0 -100.98939530044694 38.323258385900736 489.55153830300765
0 482.49997 465.0903 0
