0 23.36492010541668 4.470412498805252 481.96415608646146
0 683.2175 410.72357 0
0 32.13387785688326 6.398571439708634 479.341100927262
0 697.8392 413.93268 0
0 40.59235184109682 9.148959064712015 475.9984280199335
0 712.21 418.5588 0
0 48.17892492877822 12.2531828972824 471.8410007479405
0 725.4695 423.87543 0
0 55.321474755353314 15.947221852037222 467.2133542685242
0 738.3105 430.3072 0
0 14.337855761443898 3.163134271876939 483.2349338667824
0 668.3998 408.57303 0
0 5.1357505693384455 2.2862812294705277 483.4743916475843
0 653.39294 407.1416 0
0 -4.273881242478438 1.9504648000716347 481.9999933242798
0 638.0382 406.6041 0
0 -13.196777421404978 2.6744480124914736 482.0362357953686
0 623.4551 407.78714 0
0 -22.51507885805093 3.6686290536351196 479.4705942184115
0 608.02826 409.44412 0
0 -31.152765930329195 5.501017719726239 476.84490495073356
0 593.55334 412.5048 0
0 -39.29939035880109 7.792224349347034 473.0163284298417
0 579.56793 416.39453 0
0 -47.06375910121769 10.787646759202968 468.04370267622636
0 565.803 421.57452 0
