0 98.12448834800753 27.96469218830549 494.5131465915897
0 801.3531 447.96854 0
0 106.90363914176032 28.813471523985527 491.40457624426904
0 816.4172 449.61118 0
0 115.18175033090384 30.388230704572404 486.8991118341232
0 831.3978 452.58673 0
0 122.75497483541021 32.438580913704115 482.2609530525032
0 845.56226 456.40918 0
0 129.73121343729593 35.167515183145454 476.34748469329315
0 859.58997 461.5805 0
0 89.10375530573126 27.744661674347224 496.8096568052765
0 786.3253 447.41367 0
0 79.85821338567634 28.027490004115425 497.0000088214874
0 771.6152 447.84515 0
0 70.67840863289045 29.069134886315492 497.0000088214874
0 757.06335 449.49637 0
0 61.60799548262209 30.87060009928706 498.56389998463584
0 742.3786 452.19855 0
0 52.294464052535915 32.82249172699996 496.42542306320416
0 728.0171 455.5064 0
0 43.66808405227538 35.915866746043605 494.1671702677357
0 714.64343 460.67618 0
0 35.617532684112845 39.20524246163531 490.9887146263655
0 702.17615 466.325 0
0 27.95715287923196 42.99923201944241 487.00483493259924
0 690.2512 472.9773 0
