0 -110.73312355364855 29.512587377189302 504.0000081062317
0 471.92792 449.54956 0
0 -102.33114405037733 32.694891646312314 503.355045804815
0 484.85678 454.58957 0
0 -94.04433012456738 36.33556968929382 501.0348389208991
0 497.14554 460.55127 0
0 -86.52652933828249 40.41899004762633 497.65936460974837
0 508.04395 467.40326 0
0 -79.64851705834813 44.97312864732263 493.58327451497337
0 517.89124 475.20087 0
0 -119.39877191155324 26.947301667859705 504.0000081062317
0 458.38193 445.53955 0
0 -128.269623603482 25.05564749125779 504.0000081062317
0 444.51517 442.58255 0
0 -137.79641037493613 23.8603426365021 503.88525281423654
0 429.574 440.72256 0
0 -146.91086797158917 23.153339060829943 501.91664535118394
0 414.42227 439.75912 0
0 -155.9752427124154 23.328556457412052 498.69370493013776
0 398.6119 440.2708 0
0 -164.24349221095775 24.052629739369763 494.99631893774335
0 383.61145 441.69855 0
0 -171.96478762401972 25.289182437027858 490.21039674071113
0 368.64996 444.05963 0
0 -179.67004501516274 27.174763667243543 485.0722287519736
0 353.20773 447.55267 0
