0 -8.639396120315347 148.9595354096243 581.7566359883326
0 633.3241 605.1445 0
0 0.20380875126184048 150.78236449216064 579.1097965407405
0 645.3013 608.5463 0
0 8.58695717669389 153.40624863303074 576.1918700044441
0 656.7652 613.17285 0
0 16.192670497935794 156.1348070082063 571.458993960849
0 667.3481 618.6718 0
0 23.30985603940558 159.78473259067525 567.3396003992974
0 677.39355 625.3033 0
0 -17.677850132323297 147.4913285106355 583.0000042915344
0 621.1348 602.73016 0
0 -26.576388995343073 146.5148920489584 583.0000042915344
0 609.1097 601.41064 0
0 -35.99519112687938 146.55599280200553 583.0000042915344
0 596.3815 601.4662 0
0 -45.42195130736814 147.1341897077691 581.9989411541856
0 583.5369 602.58954 0
0 -54.50425994174338 148.56465997185845 580.0601951396538
0 570.9957 605.1981 0
0 -63.24329054241145 150.11448431098503 576.791287764741
0 558.63947 608.4586 0
0 -71.40763673921661 152.44306536420217 572.8667125055805
0 546.8195 613.06573 0
0 -78.96010259081271 155.44490475309104 568.2834245532795
0 535.55707 618.9182 0
