0 79.04831966664071 44.82510652976528 526.7849162064616
0 763.24634 470.4551 0
0 87.97722975209578 45.95844906209865 524.252326240579
0 777.2358 472.48215 0
0 96.35833193821301 47.70548810095942 520.5994481156305
0 790.8469 475.61063 0
0 104.0472139192497 50.077705278317886 515.8485785379669
0 803.933 479.89856 0
0 111.07258100177346 52.975555889808 510.5177981907804
0 816.434 485.16922 0
0 70.10491553116884 44.39945331801721 528.5655425119716
0 749.51764 469.59482 0
0 61.007364806890635 44.40906318371153 529.99874246894
0 735.71155 469.43015 0
0 51.6792479525006 45.14971289243584 530.3114501591426
0 721.8 470.49155 0
0 42.681439845716454 46.6648561244688 529.8758831391198
0 708.48474 472.79947 0
0 33.10131734324769 48.639076292981706 528.1595000825035
0 694.4005 475.96985 0
0 24.78139587808772 51.217546266646 526.0774121305674
0 682.13617 480.11847 0
0 16.574483913207402 54.34488948921399 522.4648940796347
0 670.0173 485.36465 0
0 8.869494173720689 57.966880184959656 518.3636215688869
0 658.50446 491.51797 0
