0 34.24965450170382 30.564044743627502 520.1899210289347
0 696.8962 449.7062 0
0 43.03083139936387 33.038842759865595 517.9058227766827
0 710.483 453.67505 0
0 51.30976090800339 36.020724995020075 514.4993750496218
0 723.59375 458.5739 0
0 58.9093401346269 39.352187659063325 510.9404097798709
0 735.8592 464.09506 0
0 66.16078653005496 43.28932876295072 506.34043511727214
0 747.96735 470.77234 0
0 25.174087369537716 28.923534566197496 522.0000147819519
0 683.01874 447.0697 0
0 16.195049007690244 27.70046946708783 522.0000147819519
0 669.46686 445.22375 0
0 6.819064944910933 27.18351776251578 520.9659793825064
0 655.3363 444.52496 0
0 -2.185651927439764 27.417915769263367 519.3351335743979
0 641.7083 445.00964 0
0 -11.545337408101593 27.862037759059866 516.5455392240007
0 627.41486 445.91165 0
0 -20.292148426676647 29.46664470458437 513.3600013154293
0 613.882 448.6379 0
0 -28.251159362565073 31.519006167976872 509.0752260761623
0 601.30255 452.19476 0
0 -36.08559614470449 34.03917777639421 504.3583140489381
0 588.6557 456.58765 0
