0 -14.309217188091662 30.986284795634273 522.5843462486795
0 623.45154 450.13068 0
0 -5.661806820941286 33.91442102380112 520.7360029521001
0 636.458 454.7266 0
0 2.635099975200228 37.74794575390101 518.5705209123944
0 649.0274 460.76498 0
0 10.025352478992936 41.873963856067824 514.8138302160627
0 660.3663 467.4977 0
0 17.049092528395967 46.685538476291974 511.1449983460429
0 671.3023 475.3739 0
0 -23.15229691341542 27.743774857605903 522.9935989574418
0 610.1471 445.20956 0
0 -32.04043566175586 25.59412840288246 522.4377801417446
0 596.70654 442.01233 0
0 -41.166218140912285 24.14360508852789 521.1029360647631
0 582.7857 439.91818 0
0 -50.222245922503774 23.11529531160246 518.9563810971263
0 568.78 438.50806 0
0 -59.1981913537485 22.96353491603076 515.9036773222662
0 554.6216 438.48395 0
0 -67.46184873606765 23.598216808329163 511.50226387574287
0 541.11554 439.76328 0
0 -75.51666193617669 24.687841667181033 506.8889016985511
0 527.65045 441.78766 0
0 -83.08093750013003 26.71461179989564 501.39520062829655
0 514.47864 445.39276 0
