0 -69.35067551011183 18.960915054826597 516.852577318135
0 539.312 432.31833 0
0 -60.59306698474841 22.130140901565714 515.2046851165372
0 552.3659 437.2571 0
0 -52.412581604154084 25.911685372454244 512.6866730402796
0 564.48175 443.2344 0
0 -44.921510050330454 30.04715055197671 509.25359312443453
0 575.5279 449.90063 0
0 -37.95115924727365 34.64613185336214 505.287612346122
0 585.8506 457.43622 0
0 -78.24918333797991 16.370424436708078 517.740661550574
0 525.9525 428.3268 0
0 -87.08232178109053 14.404130102952267 517.8919273227134
0 512.54987 425.3283 0
0 -96.16622522652646 12.707670231305318 515.574919667436
0 498.07352 422.83444 0
0 -105.282460588883 11.924589714875465 513.4263290558483
0 483.46985 421.71408 0
0 -114.14190090250786 11.909945363800778 510.34447802181984
0 468.8175 421.80197 0
0 -122.57404152046993 12.52413141442065 506.13504442742004
0 454.22665 422.91092 0
0 -130.4665572489177 13.87030169523284 501.62707235040546
0 440.1162 425.20038 0
0 -138.10854187552633 15.795456065129372 496.06745849410277
0 425.6829 428.502 0
