0 -102.40117864189818 24.598545221133026 522.0000147819519
0 490.472 440.54208 0
0 -93.76079528969787 27.885905158194355 520.2048971940632
0 503.0244 445.64886 0
0 -85.63413736198966 31.67814116005691 518.5192386819784
0 514.9105 451.54813 0
0 -78.11351708188775 35.87010329824605 515.0480147421207
0 525.53754 458.28476 0
0 -71.02575768145513 40.457064219487876 510.34487895684583
0 535.3781 465.87152 0
0 -111.11786298871876 21.96424805074873 522.0000147819519
0 477.31607 436.5662 0
0 -119.95741637376736 19.873914921080562 521.8324179512467
0 463.91656 433.42093 0
0 -129.14377978984822 18.44930495760114 520.8860660752888
0 449.69308 431.3207 0
0 -138.0062020111371 17.521474428384 518.2791492253563
0 435.23868 430.05066 0
0 -147.06615657069165 17.41001030735693 515.2855478727315
0 420.16772 430.03497 0
0 -155.66260273321853 17.975340119090227 511.3525249340985
0 405.19366 431.11072 0
0 -163.480612373569 19.33626270173547 506.48299502146057
0 390.72678 433.49393 0
0 -171.12314005691883 21.11005199844626 501.35220486564015
0 376.11456 436.58914 0
