0 -76.70061641907486 -19.349742702256815 490.7453564261179
0 521.8886 372.35187 0
0 -68.1043372391772 -16.087244238723017 489.53957396020525
0 535.4198 377.52588 0
0 -59.75377334735593 -12.153327278783514 486.5947417586904
0 548.27686 383.7386 0
0 -52.40938632428899 -7.854363220431199 483.8479312844981
0 559.6864 390.62683 0
0 -45.45250433204999 -3.079161817289344 479.1856598291006
0 570.2941 398.35345 0
0 -85.47127925291774 -22.27858159041452 490.8965785176219
0 507.85043 367.66092 0
0 -94.2713471946391 -24.11930861396682 490.63979986200536
0 493.64795 364.68646 0
0 -103.45438718310093 -25.94365309787818 489.530558546
0 478.52588 361.66263 0
0 -112.45985595506046 -26.815224262910647 487.0362096992367
0 463.10565 360.0389 0
0 -121.33757908237574 -27.078951761810327 483.8604752575957
0 447.45654 359.3248 0
0 -129.7332346905828 -26.60883371172117 479.62440407168094
0 431.9207 359.7076 0
0 -137.5177122631725 -25.40285761275036 474.8329612650702
0 416.85428 361.26752 0
0 -145.10669380522086 -23.665963485832172 469.363118973112
0 401.45685 363.69177 0
