0 36.2420930663676 -28.436336590516817 478.8817858873732
0 704.64856 356.63327 0
0 45.09689792184267 -26.29534489359519 476.9431795249838
0 719.5178 359.97974 0
0 53.457832127996575 -23.551918585784918 473.8921141449369
0 733.89746 364.26102 0
0 61.1468438296148 -20.30053416652111 470.1907895453807
0 747.48065 369.40076 0
0 68.25281264573678 -16.4831670505057 465.51741857708515
0 760.5354 375.5198 0
0 27.232240040214602 -30.16549639204714 480.8559576138424
0 689.64185 353.99225 0
0 18.370738935862686 -31.041354594222806 481.2414185016948
0 675.0989 352.59796 0
0 8.826264229809297 -31.51022778670085 480.99061138278813
0 659.4811 351.80347 0
0 -0.4026628112849855 -31.266137384345587 478.8982456981803
0 644.3616 351.97952 0
0 -9.587386683293737 -30.249986345303387 476.63042636106815
0 629.1766 353.41443 0
0 -18.351864460975165 -28.570398557146603 473.92261259334487
0 614.51605 355.92087 0
0 -26.379355395506643 -26.510159879712226 469.4608254528724
0 600.75446 358.92694 0
0 -34.10497857545307 -23.59745007856344 464.6850320553954
0 587.2012 363.40802 0
