0 67.66403225936185 -39.0640008128424 470.3236722928232
0 758.3687 337.9795 0
0 76.51564001778625 -38.01316688637992 467.87496716859556
0 773.86694 339.4065 0
0 85.00267063098171 -35.824403347993425 463.83821258183826
0 789.40375 342.5671 0
0 92.60668442452831 -33.17091651400402 459.05906486949885
0 803.957 346.48758 0
0 99.81596437141856 -29.981309847069017 454.01559953157863
0 818.2326 351.39005 0
0 58.709086362305435 -39.96584598109201 472.51472003429325
0 742.9122 336.77924 0
0 49.6476835194797 -40.112841783404036 473.826895756427
0 727.57446 336.71936 0
0 40.473042799237284 -39.51589845275927 473.85551410271427
0 712.3155 337.71588 0
0 31.017363688136566 -38.5071044257005 472.6483790661815
0 696.72595 339.2296 0
0 21.826242424064713 -36.70762764426726 471.0176510638606
0 681.5315 342.01727 0
0 13.012860874623042 -34.28578032337603 468.04367773810253
0 666.92816 345.70377 0
0 4.955414091217228 -31.42244530778219 464.5192431152681
0 653.4286 350.12222 0
0 -2.759153148695774 -27.966497469418456 460.4295814583657
0 640.3028 355.56235 0
