0 90.50804805440403 -71.14115725466318 447.32186398190333
0 804.43097 278.1189 0
0 99.49967283840924 -69.51224542384149 445.0864495768659
0 821.1476 280.37292 0
0 107.80526596800357 -67.39931704036407 440.94257567501086
0 837.6426 282.99182 0
0 115.43529616383383 -64.64183310385272 436.496581632895
0 853.37616 286.74228 0
0 122.52622601963522 -61.27741128052812 431.3701804399813
0 868.8029 291.50043 0
0 81.48023620626415 -72.00477026382605 448.98111143312127
0 788.0004 277.06653 0
0 72.33850843920995 -72.37844146872051 449.99998807907104
0 771.6717 276.6984 0
0 62.90254964055477 -72.23625679107236 449.99998807907104
0 755.15155 276.94733 0
0 53.80649472276942 -71.22829802722397 449.3330054160855
0 739.36633 278.52692 0
0 44.597014234072155 -69.58572389129255 447.3657565671695
0 723.5626 280.87042 0
0 35.846384540033654 -67.37308141359951 444.3725969340276
0 708.57733 283.96786 0
0 27.6796589073867 -64.68698114685417 441.18553098397115
0 694.45276 287.90167 0
0 19.845653084748808 -61.33500913926391 436.26168803820906
0 680.8632 292.65125 0
