0 17.499416346741096 -93.71687535289644 435.1287989445311
0 676.70844 233.73227 0
0 26.38910730884646 -91.97464967418301 432.66184652825115
0 693.07654 235.93723 0
0 34.794475529306574 -89.44180851635203 429.10469717148254
0 708.9073 239.19922 0
0 42.46390071248583 -86.62584055679791 425.3725075658508
0 723.67255 242.97392 0
0 49.5697217085296 -82.98179566731021 420.1238923682997
0 737.9804 247.80307 0
0 8.56266238245809 -94.92524886166707 436.8217079040071
0 660.46747 232.21048 0
0 -0.5479129785085709 -95.67280243387421 437.99999356269836
0 644.03845 231.3264 0
0 -9.84176301982342 -95.59332316968317 437.41559982642553
0 627.29767 231.23964 0
0 -19.24490296267863 -94.86460917712681 435.8481072419436
0 610.2367 231.93765 0
0 -28.280612133592474 -93.45967585999357 433.7340620918136
0 593.6545 233.65381 0
0 -37.000206328908135 -91.5199485629674 430.8423129372286
0 577.3649 236.0614 0
0 -45.14589563899869 -88.95270467627357 426.6769843731328
0 561.6637 239.16797 0
0 -52.8452746479405 -85.91613575840661 422.4245454311496
0 546.4648 243.17789 0
