0 0.5268531622561866 -9.61441668139656 517.0887566047777
0 645.8267 388.76733 0
0 9.2383210113321 -6.351905107298288 515.135393969308
0 659.153 393.70145 0
0 17.494502286265377 -2.542795493514814 512.4731989253961
0 671.91895 399.50687 0
0 25.029272660575963 1.6190266836424139 509.4418715743821
0 683.7314 405.9198 0
0 31.95325262947355 6.34538049889034 505.0533609305501
0 694.8686 413.3143 0
0 -8.276786357610755 -12.17628575730752 517.9922869915735
0 632.43536 384.8964 0
0 -17.186289574019412 -14.296200286643534 517.0639905182013
0 618.83746 381.63306 0
0 -26.388329530721567 -15.765351080822708 515.2795114309262
0 604.6772 379.31134 0
0 -35.42779617258943 -16.39836440751579 513.7902932379819
0 590.69916 378.2708 0
0 -44.28878902753931 -16.626524271428263 510.07757792063984
0 576.61743 377.73538 0
0 -52.92270881396907 -16.10966587508367 506.17006075574653
0 562.6508 378.3416 0
0 -60.826337521708886 -14.78057686526834 501.51765167394404
0 549.4707 380.1969 0
0 -68.24215663958591 -12.885779703642141 496.0787274773218
0 536.6457 382.95154 0
