0 49.470510308733196 38.5626012873949 547.4145218828776
0 716.2224 458.91565 0
0 58.41091202772956 40.63607194999309 544.4905912535631
0 729.54095 462.21387 0
0 66.70380877352203 43.20898030809591 541.1504542992427
0 742.136 466.3226 0
0 74.43588747920965 46.28111047125274 537.4336758437667
0 754.14233 471.2612 0
0 81.47429400170911 49.7481304734364 532.142779413954
0 765.6477 477.06873 0
0 40.31983356881187 37.458371125652434 548.6078311308497
0 702.92645 457.20917 0
0 31.416306066585054 36.5474675613038 549.7788556064057
0 690.0442 455.78925 0
0 22.023294998466564 36.45065545364456 549.2109043714644
0 676.61646 455.70453 0
0 12.753537166682623 37.030834662334186 547.6797969214927
0 663.3701 456.6853 0
0 3.293283691822083 38.133144284910415 545.6428431901952
0 649.7791 458.47577 0
0 -5.1674509848463765 39.95653160770231 542.4078999178795
0 637.5183 461.4526 0
0 -13.370105891648079 42.363694758128496 538.7806938711278
0 625.47327 465.36325 0
0 -21.06137525027366 45.260055482828385 533.3931289490654
0 613.91547 470.267 0
