0 88.848854381076 -1.9268168356012028 516.8437217138442
0 780.4596 400.47888 0
0 97.64515712852554 -1.0489635421241428 513.9860248466924
0 794.6957 401.80814 0
0 106.03494488997742 0.5529677995827554 509.73739147778304
0 808.91034 404.27066 0
0 113.6355348138765 2.5139703025135254 505.00393149609215
0 822.30396 407.33798 0
0 120.65355391852209 5.304346025899558 499.40053260868245
0 835.36456 411.78403 0
0 79.86996314560152 -2.160921976033167 519.6574273579164
0 766.1135 400.13986 0
0 71.03414241864978 -1.6946076184231034 520.8016388272084
0 752.4811 400.85248 0
0 61.579159513139615 -0.6651455378088317 522.0000147819519
0 737.9642 402.4121 0
0 52.351623933777894 0.8811562939224675 520.5548862041649
0 724.2566 404.7496 0
0 43.15019624343161 3.1312957768148926 519.5178169525624
0 710.4609 408.16458 0
0 34.61304921322578 5.96365550927752 516.9998302561658
0 697.77 412.50388 0
0 26.390509606997703 9.296921992632221 513.8679760307069
0 685.485 417.6697 0
0 18.797286149404766 13.21538336279734 509.690572374353
0 674.0795 423.8434 0
