0 34.849780929217026 13.581932602483334 529.8883365191646
0 696.83905 423.60977 0
0 43.783477608695776 16.01320427528654 528.5024239174837
0 710.2925 427.28705 0
0 52.19328417110244 18.665826361804513 525.2569199381511
0 723.3098 431.41327 0
0 59.837667502108495 21.972810203249153 521.2663157380605
0 735.4629 436.6258 0
0 66.97912863819427 25.860155877327742 516.195801767244
0 747.2509 442.88507 0
0 25.875501468984982 12.183159437658817 531.6133281215988
0 683.37115 421.47128 0
0 16.933504091540822 10.935233236090493 532.3817964908059
0 670.083 419.59848 0
0 7.614913757888093 10.575919028353193 531.6563888995496
0 656.3083 419.0881 0
0 -1.8180438639205223 10.643669331130681 529.8426626985678
0 642.3207 419.2425 0
0 -10.763104873397653 11.654207723114043 527.8130841741068
0 628.9584 420.81174 0
0 -19.60133617697878 13.215333130546643 524.5490105664313
0 615.58386 423.2647 0
0 -27.65252138233017 15.287877575217657 520.7072775325063
0 603.185 426.54697 0
0 -35.441058261389024 18.08423289398533 515.5529324593593
0 590.8646 431.05148 0
