0 -0.6797837952286275 15.38819673076449 534.7405851862142
0 644.02246 426.08774 0
0 7.822659667099727 18.93132146575394 532.4830242206173
0 656.59814 431.42615 0
0 16.051170512650607 22.971587662994533 530.7929851017441
0 668.8484 437.5122 0
0 23.512338098615402 27.37651381718234 527.0887385215572
0 680.1681 444.3359 0
0 30.47682745997353 32.171086698421504 522.9203301524827
0 690.9411 451.8857 0
0 -9.58090720299308 12.453271524468418 535.0693567848398
0 630.91693 421.75238 0
0 -18.346094201337817 10.255990210137039 534.4314746547952
0 617.9787 418.5351 0
0 -27.33780248838179 8.767780459304058 531.9134388969251
0 604.5326 416.4024 0
0 -36.40278518298362 7.485327747864183 530.1098949153194
0 590.92255 414.54062 0
0 -53.700359825980975 7.464813155179226 522.6184299993816
0 564.07104 414.66916 0
0 -61.639552231333276 8.555037549442348 517.9845155556864
0 551.2715 416.42804 0
0 -69.19446918610633 10.208145053483287 512.1121710481121
0 538.5738 419.12042 0
