0 -48.05905063171645 46.561373914372766 556.7917339692815
0 577.02185 469.29898 0
0 -39.547099400064226 49.6740261972617 554.9156896956132
0 588.87683 473.94092 0
0 -31.239196054763813 53.41060549281601 553.1388343256884
0 600.52954 479.48953 0
0 -23.695835972320843 57.486511510747626 549.3856005164376
0 611.0431 485.85428 0
0 -16.79186740701094 62.132814486235766 545.3843301795248
0 620.767 493.171 0
0 -56.93977141971353 44.0149056608904 556.9295654749563
0 564.4758 465.6804 0
0 -65.83263649923511 42.08451371088056 556.9398603786408
0 551.8975 462.94852 0
0 -75.12173765906842 40.66920811207282 555.4782736771681
0 538.4776 461.0978 0
0 -84.10005162758127 40.087731572290934 553.522073000031
0 525.32196 460.47403 0
0 -93.28928774381889 40.040767816073796 550.8994570400027
0 511.61053 460.6785 0
0 -101.70863475615319 40.69160078386544 546.9415822094961
0 498.51743 462.03036 0
0 -109.71646186647823 42.13453499527887 542.6987455428829
0 485.74695 464.58334 0
0 -117.16956161159897 44.12692076731826 537.0988777644477
0 473.15372 468.14362 0
