0 -95.95685155959258 27.96470939601859 546.0000038146973
0 506.56424 443.76733 0
0 -87.39158485934249 31.458920048549135 545.0366404355087
0 518.7005 448.8895 0
0 -79.16649801922483 35.57738517399239 542.2276717721927
0 529.99695 455.1091 0
0 -71.74427924951844 39.86487757559133 539.5694583184236
0 540.2677 461.62408 0
0 -64.95516392280227 44.72576195232511 535.4852231066244
0 549.45734 469.21973 0
0 -104.63449655140445 25.3240952867427 546.0000038146973
0 494.04294 439.9571 0
0 -113.39500573723609 23.04410327349307 546.0000038146973
0 481.40207 436.6672 0
0 -122.70970582338587 21.291410512514343 545.0935182765755
0 467.66708 434.18927 0
0 -131.6455361652147 20.297939575865584 542.1622182711903
0 453.72305 432.912 0
0 -140.5191899503167 19.967907869024337 539.1974107705694
0 439.7055 432.59195 0
0 -148.8950415743185 20.288819943640263 535.0771251243953
0 425.79193 433.28912 0
0 -156.90494087428232 21.296651693091565 530.5233057990366
0 412.01517 435.0422 0
0 -164.31898199541953 23.013052832246423 524.4120088062805
0 398.16138 437.98938 0
