0 -92.88831512238983 49.98281620817581 518.1139670745576
0 503.77805 479.41986 0
0 -84.16898609343833 52.82721002289621 516.2489304677813
0 516.5743 484.03525 0
0 -75.89224809878864 56.18471413642862 513.5217502922723
0 528.5903 489.61447 0
0 -68.3066579080999 60.02796974347761 510.09640446377045
0 539.52435 496.1292 0
0 -61.31722730427642 64.30523425941831 505.7304696530076
0 549.50195 503.59286 0
0 -101.86284099461312 47.72174131876791 518.999993801117
0 490.3958 475.8578 0
0 -110.6231126043625 46.208571877541765 518.999993801117
0 477.0977 473.5608 0
0 -120.10823691234862 45.2554264600484 518.2769887649316
0 462.4449 472.20975 0
0 -129.02486790759082 44.68418890288572 515.8757941386723
0 447.9776 471.65756 0
0 -137.91860160154243 45.17359098953899 512.8630524391626
0 433.1578 472.81024 0
0 -146.69864927387636 45.89459060702373 508.7312583622111
0 417.8399 474.49042 0
0 -154.59988908974557 47.52804508966224 504.61444701853014
0 403.65042 477.62054 0
0 -161.83864852634647 49.90130749809342 499.3815181608703
0 389.70096 482.14227 0
