0 -73.83648291720759 -14.636900987582791 516.2724590889551
0 532.3478 381.07974 0
0 -65.12855498139078 -11.476484513594567 514.6413852570561
0 545.3213 385.8471 0
0 -56.84428323052176 -7.72597245278305 512.0573346609791
0 557.5642 391.52893 0
0 -49.43657763592568 -3.4803376193534215 508.7591884581657
0 568.4685 398.0265 0
0 -42.48147698338727 1.1719291938641234 505.08940160828894
0 578.7609 405.244 0
0 -82.72887239479053 -17.277807322734045 517.0000195503235
0 518.95544 377.08676 0
0 -91.59749952133137 -19.55491378338356 517.3809224952429
0 505.54352 373.63867 0
0 -100.58031083816755 -20.88337858908981 515.0490451616585
0 491.17148 371.47177 0
0 -109.65027824755572 -21.750315932946748 513.0892918239298
0 476.65698 370.0186 0
0 -118.66636396011856 -21.95071738154597 509.5759379991821
0 461.55658 369.4785 0
0 -127.24359362805961 -21.385354314821836 505.92500637030923
0 446.87585 370.11398 0
0 -134.96585213533996 -20.178395359543515 501.2785525509717
0 432.90234 371.70224 0
0 -142.58714293393643 -18.229711490676575 495.70651710186655
0 418.40518 374.44287 0
