0 -150.86728067732017 45.97388500238486 517.6757633504383
0 415.42105 473.38306 0
0 -142.0960255953523 48.00593515320798 515.2484097595105
0 427.75113 476.8198 0
0 -133.60355828580506 50.839726157556285 511.9670411825603
0 439.42725 481.65106 0
0 -125.99950836442189 53.95547805514231 508.1699614316879
0 449.68 487.06616 0
0 -119.00924477026486 57.68956689783555 503.69515185005673
0 458.87823 493.6499 0
0 -159.87888076906026 44.24724952692766 518.999993801117
0 402.32724 470.5835 0
0 -168.69051747317025 43.52468035999682 518.999993801117
0 388.95114 469.48663 0
0 -178.12750158439587 43.24696708661241 518.999993801117
0 374.62576 469.06506 0
0 -187.05852719546405 43.519542134887025 517.2160265602055
0 360.08902 469.7067 0
0 -196.00983266439601 44.51006215346498 514.49294371297
0 344.87378 471.57434 0
0 -204.74835688535165 46.07593429863412 511.4267650324435
0 329.61273 474.39517 0
0 -212.51723473918105 48.17554337614409 506.75297359807615
0 314.6255 478.31406 0
0 -220.22858248943027 51.0052737956383 502.04575810151675
0 299.42648 483.4569 0
