0 50.54701226689321 -30.755713198168273 455.6300989329713
0 732.4264 350.23535 0
0 59.23040393520584 -30.334221755949017 452.28918985940135
0 748.19763 350.57672 0
0 67.51950935403384 -28.99968682468016 447.8912209929175
0 763.7913 352.40533 0
0 75.125456557112 -27.27189615903164 443.6715235015304
0 778.42706 354.98828 0
0 82.04261418208013 -24.95584380212353 437.4156597399214
0 792.7937 358.4672 0
0 41.6461223477841 -30.640848230691837 458.3538318337292
0 716.60767 350.7488 0
0 32.864554896467325 -29.785441406863175 459.90314473756433
0 701.3231 352.3916 0
0 23.475642916038232 -28.473405727552304 460.00000834465027
0 685.23083 354.64948 0
0 14.581552130528863 -26.42299580783486 460.38749958484294
0 669.97687 358.1993 0
0 5.134558359029417 -23.784880375309584 458.8083744971039
0 653.8408 362.57373 0
0 -3.298868150433087 -20.591141529987283 456.8030562265992
0 639.3345 367.90265 0
0 -11.34089431586706 -17.018721616155407 453.8068974354914
0 625.3353 373.87018 0
0 -18.93310118362518 -12.815209236532372 449.8035358826233
0 611.8621 380.9698 0
