0 62.539059465897196 -63.68954713408115 433.6941094762507
0 758.6318 287.71826 0
0 71.3570502830831 -61.3405634813733 431.19134484768654
0 775.40283 291.33862 0
0 79.77896717850314 -58.59444238101877 428.022614386241
0 791.86993 295.56357 0
0 87.44476258070142 -55.30069980304199 424.2220155482892
0 807.42206 300.7143 0
0 94.54571622463057 -51.533740827188716 419.4111431096684
0 822.62366 306.6123 0
0 53.38282361114508 -65.26307553827502 434.89875742044677
0 741.73004 285.1882 0
0 44.487033328438606 -66.3982839363106 435.9999895095825
0 725.41125 283.43552 0
0 34.973510650885444 -66.64848938666717 434.7741055565871
0 708.3987 282.64383 0
0 25.83397781483551 -66.42951641589177 433.6562073216702
0 691.9578 282.73032 0
0 16.63994067349334 -65.32716520837667 430.6642309348667
0 675.4646 283.90848 0
0 7.906671878276845 -63.876103269823204 427.70089507936746
0 659.58844 285.7534 0
0 -0.1570823197141871 -61.659425299396794 424.08129080847493
0 644.7322 288.8672 0
0 -7.917277434148772 -58.93558291362198 419.0386881811441
0 630.13855 292.6099 0
