0 2.9739483050818873 -66.89860076498849 433.7667743506513
0 650.42554 281.9091 0
0 11.759722005971224 -64.74990157359652 431.3718510903209
0 666.5016 285.1588 0
0 20.278360409012112 -62.15456387417189 428.21883353209216
0 682.33246 289.06302 0
0 27.81876280131826 -59.16667754841393 424.0591864048391
0 696.70746 293.4924 0
0 35.005317784078215 -55.56239076576069 419.2542369106548
0 710.80444 299.0056 0
0 -6.05761474790512 -68.18201745395852 434.9716897678401
0 634.0521 279.92108 0
0 -15.187511717594973 -69.05825474197945 435.9999895095825
0 617.58044 278.629 0
0 -24.392428976493782 -69.02784147717362 435.6271837544813
0 600.9096 278.5772 0
0 -33.599405562259136 -68.43306869250085 433.75776710429574
0 583.99664 279.11948 0
0 -42.85088590914172 -67.12942336100947 431.4924578301587
0 566.78436 280.8472 0
0 -51.494670148112014 -65.50200239172776 428.5443298571153
0 550.3552 282.99588 0
0 -59.65627004803254 -63.098994225556446 424.5386557978532
0 534.316 286.3191 0
0 -67.17288965112523 -60.056199098461974 419.73759253984133
0 518.94104 290.691 0
